846
854
544
649
559
517
892
920
928
576
720
472
235
494
563
680
517
276
917
808
304
202
949
699
321
659
950
778
367
932
622
119
692
168
668
253
585
561
174
420
139
794
792
274
290
356
759
707
437
677
422
641
780
372
341
906
931
198
685
204
935
308
224
628
281
697
781
672
260
855
992
204
556
785
283
651
946
942
359
385
526
586
926
307
763
174
119
600
272
704
705
208
817
734
641
100
432
424
672
497
185
570
506
641
356
594
293
303
443
458
493
869
849
326
177
614
400
196
215
477
705
725
490
523
365
132
428
603
361
905
101
447
476
413
893
637
907
992
746
351
356
240
221
206
466
203
625
671
204
741
953
714
372
349
144
638
287
472
242
548
284
148
800
660
461
600
204
275
498
850
431
754
990
458
765
363
466
392
839
571
938
794
286
216
144
330
754
331
608
801
685
697
755
391
263
217
891
367
297
390
218
629
949
115
892
716
378
359
913
218
830
757
817
922
873
767
158
534
998
571
241
589
269
896
881
433
919
678
700
217
874
724
651
824
739
544
446
922
804
360
141
540
118
764
368
797
532
332
237
436
803
378
926
878
276
713
312
196
297
817
313
172
447
770
897
187
315
344
110
924
510
956
466
433
626
639
231
159
871
368
495
676
647
327
555
728
845
672
824
144
395
942
216
743
713
918
735
834
264
651
759
579
513
131
912
140
671
145
199
543
318
499
125
770
727
485
499
573
962
324
522
359
268
544
907
786
463
643
621
532
295
287
112
708
318
925
748
794
875
752
244
998
253
174
770
785
560
270
264
428
400
687
592
473
232
500
260
500
949
687
933
245
874
850
759
997
681
413
698
557
167
842
557
225
916
233
910
382
403
175
616
608
667
209
981
704
610
148
206
560
735
944
610
515
795
275
513
478
589
212
840
656
859
398
686
682
436
597
869
740
577
486
254
151
596
237
755
112
190
861
477
730
711
892
246
508
169
564
791
658
677
632
220
442
836
806
125
273
309
895
818
691
382
973
742
783
116
499
795
111
266
178
741
878
971
887
292
141
452
983
699
934
521
724
378
358
531
308
437
645
204
161
337
392
939
885
176
860
290
777
871
456
855
613
240
827
406
432
773
664
321
473
504
743
198
782
906
534
991
249
180
101
311
323
393
251
209
470
917
399
248
789
660
908
309
706
642
520
139
416
185
266
695
590
814
698
278
721
234
175
776
219
177
987
347
375
144
456
745
866
660
798
657
227
613
771
833
256
292
777
572
283
943
268
678
758
867
856
386
906
837
163
126
914
955
374
290
904
635
841
772
202
545
335
329
159
107
163
220
204
745
693
387
690
766
965
354
539
728
640
446
566
608
378
386
469
557
481
375
997
323
952
200
674
288
334
733
200
302
854
304
948
453
497
544
125
368
798
565
901
345
816
468
853
100
659
229
557
142
504
461
365
457
561
844
550
796
579
650
998
339
759
852
597
162
397
622
431
197
992
333
442
715
607
201
715
267
330
179
214
639
540
385
901
102
230
452
703
614
907
608
758
668
461
356
730
759
784
966
761
682
206
109
398
713
210
919
785
346
998
805
790
539
191
693
446
321
950
955
836
859
564
500
433
830
662
968
590
447
936
257
934
143
266
239
661
282
159
352
433
962
158
224
407
249
722
658
376
674
614
118
439
983
518
772
815
181
741
311
433
583
469
369
626
635
413
193
722
472
446
156
340
409
281
647
464
903
306
740
483
726
663
822
710
182
595
526
169
243
643
502
726
113
676
259
553
989
352
277
367
603
238
607
818
419
160
283
229
272
828
612
898
492
436
609
479
836
941
548
979
585
856
707
503
533
866
861
524
124
943
696
628
183
210
447
502
270
535
536
347
364
150
246
661
391
661
945
228
508
495
209
898
352
721
402
690
493
264
215
517
114
717
950
197
827
303
504
902
738
941
251
907
991
302
474
383
768
421
416
277
721
430
176
878
152
383
569
545
453
590
868
467
308
819
564
940
124
968
843
667
910
899
576
807
108
855
995
776
277
413
954
803
743
935
682
701
320
253
152
673
743
920
945
856
741
510
797
670
384
546
338
296
447
719
908
455
576
905
137
658
224
991
463
772
833
146
379
154
204
432
632
752
353
578
609
899
893
312
475
278
759
714
379
112
339
289
372
720
100
409
380
129
307
648
706
141
599
986
100
704
419
537
362
577
920
777
383
814
989
758
897
654
378
278
571
618
372
843
244
372
159
524
306
366
173
912
312
673
804
217
283
224
654
545
607
575
323
795
295
219
554
